4<5
5<4
44=4
44==4
44!=4
result <- 4<5
result
1:5
